10 1000
264226 49169 452706 349656 591257 939313 965593 871829 573328 196338
291143 313614 102898 339417 420594 203975 651471 212732 822702 685313
862005 943317 611335 528205 455991 262616 867703 1028391 703524 860993
896676 271690 561040 450129 826813 876431 694071 293171 891887 693806
626044 607180 1016324 968104 385080 868049 429686 77054 453275 151375
750591 902239 318944 900896 433106 111074 167011 340127 457484 272259
378544 525816 49128 59276 190577 1039936 837310 360131 94834 183359
50293 762494 90250 538119 176582 826349 842467 1015725 320518 472303
262810 116152 723885 476803 17080 635800 651935 471616 126811 14611
563997 595247 651881 576124 735175 681983 523995 975381 542258 362094
