10 1000
528452 98306 872678 584579 323153 643819 68448 917766 785885 922764
678431 928866 99811 234932 72538 498149 342044 246002 188706 851737
420431 432595 317531 679023 677837 884915 456498 984317 920620 578714
66545 1016978 440848 578234 619080 619729 220400 783267 29328 647339
587996 561177 785802 567378 428797 779427 88868 215164 631271 143922
811866 932872 600023 537859 750534 855590 862161 249721 895681 613805
151058 449116 219367 69810 643993 295473 594471 588866 427587 20431
538741 509507 80611 574786 317763 503279 673994 297357 417194 537306
100805 373956 466040 914120 302127 187775 391969 939284 358457 862801
229452 127345 433592 574872 945953 98740 263005 777118 844201 1047075
