10 1000
792678 81939 768132 900699 912328 493530 1028281 216211 213581 846462
928600 714092 5137 440429 487848 296226 837843 65038 945292 428568
740730 589062 887900 152354 828154 622955 772677 46554 307208 391131
830805 762328 931200 920811 389109 273246 641991 1018512 911743 226949
95648 119765 294798 421370 223941 449138 513362 156802 1002364 32125
463013 260183 916023 363043 911380 835524 1026994 458726 741837 883246
493730 974756 255759 128830 736232 744561 382105 885377 521265 164848
588800 812093 23145 62277 419973 734722 430633 783904 178604 984629
363359 291196 792533 701515 319127 749287 788926 616276 300898 856898
727889 582750 1011665 4068 350438 779851 261510 342411 305051 687181
