10 1000
8328 196613 696781 120582 646274 206292 55024 534367 435808 67633
888600 893197 1015334 974498 451760 566637 186006 858802 262917 398486
360527 665914 365606 86813 584944 448525 699770 185393 925136 843050
518293 776496 285806 1022208 990079 410725 341528 339549 1022146 893568
208406 335376 692588 840801 387134 875254 71905 602847 629288 27210
411457 787590 369999 280778 915133 824012 99986 490378 67042 895667
1002326 360126 458080 323317 150394 646847 392021 434486 750802 1034526
794881 828123 527060 844216 14159 359225 461222 756348 296390 235071
401977 616793 556856 169693 255702 438226 852258 340644 485433 658845
961886 435684 25044 638676 412213 832152 298964 895458 959686 579011
