10 1000
272554 245780 805295 295646 55579 880869 945449 355018 924144 259779
654943 616451 978900 783227 36418 768426 730713 926798 560811 811415
567162 282095 835617 613456 924103 186837 495629 877846 303604 130667
673329 1047674 840702 608081 231106 728042 1024303 87918 131885 472238
697194 810460 332648 135625 2054 25639 497303 532001 1011891 140549
865470 114905 96431 653290 748911 860974 199409 150293 524014 625968
691686 883526 410248 264569 41739 393471 605675 253941 657056 853281
845172 458917 617054 317375 165513 647380 774981 325073 25024 303824
139427 568545 226453 381022 238702 990282 324541 131300 427874 668814
407107 1028299 627645 95400 884210 447847 225551 216055 451316 873389
