10 1000
536780 163847 520491 605317 864979 718655 122256 403033 875453 990397
513287 232815 981957 871190 524266 998536 519818 973376 451111 715663
256512 831721 85117 724850 179005 743614 809544 905420 4604 264624
453476 286114 190078 478138 420151 995508 420584 974334 1043026 279083
775882 888329 93414 293939 221891 441941 17349 686755 15311 153720
664603 145550 819864 818633 427387 105706 827715 308467 831267 325406
853316 238818 370055 392775 760035 875662 846194 941428 914065 1017553
268660 746648 602167 271610 323084 186070 868716 984049 186476 763109
502780 843165 1008448 1008661 490233 291501 588291 747440 135168 468940
863506 480405 457836 97100 533780 865068 35977 422524 148847 471008
