10 1000
801006 147478 72009 813405 276298 303630 1009225 748492 386093 909903
238656 476257 1010231 550607 103704 794703 925253 910524 683913 40590
970037 185404 530554 196671 282122 1005926 91967 156139 699864 600817
738752 30952 682478 103915 717962 159547 851423 697549 160189 971781
154550 314821 978658 702875 426747 753796 445875 743005 446804 5943
88036 1047761 548728 115433 7849 11528 929056 99436 676911 53405
574452 762138 334447 334283 618642 164558 12236 730039 819427 871150
318721 50918 544957 791293 417738 937275 105359 31836 408682 823306
239974 858149 289005 533142 473153 901429 67740 808432 261979 466655
374287 934330 986629 635184 201427 480467 488018 561257 656221 174478
