10 1000
16656 393226 344986 241164 243972 412552 77251 134797 764290 518377
369394 752999 516955 1003638 497423 584820 417982 699035 52858 528701
291085 84662 1024271 396930 187075 303630 715289 788975 120027 979719
800040 1020910 103089 507385 600479 197035 685972 415019 1046409 824907
573422 681423 724959 493735 354143 632038 384829 707341 557934 181526
73477 774208 660567 791689 996246 684584 640091 229618 670162 599465
178363 512595 188319 99549 848550 821583 891765 660302 984399 277769
914449 435479 864662 747158 619342 2625 1000397 11254 331379 747222
205576 913824 835596 841748 933115 701245 96518 637370 766680 664408
365291 250165 721453 901636 592576 524557 839183 787009 790690 984201
