10 1000
280882 442395 240632 457684 703645 532153 1021466 1000216 202258 333339
119733 1029225 422569 687535 130557 782515 1020017 627815 803796 156732
611896 994915 455944 917967 274420 41942 513902 243912 747775 249926
105356 767652 597281 91048 373794 941604 57507 142360 158822 393317
78482 206339 298459 609551 34663 301623 217419 780275 944629 35417
683258 398367 969143 109481 632900 771018 739384 438381 836318 852522
491019 1038251 155767 90961 924375 218895 89547 1011085 948029 454966
864356 853865 807196 217233 770696 823724 235822 1004635 125557 807481
467346 799768 510881 761495 949827 196773 560025 953338 679299 662091
854518 705562 192580 329848 146695 157426 733396 188500 284304 688871
