10 1000
545108 491528 529276 738703 481109 1022307 9891 790411 21599 654437
1046765 348421 419512 837058 429141 1013137 219298 617065 143192 323108
138050 512869 751956 807661 560398 598717 793899 199954 1038583 403357
866009 6012 469153 1011523 23511 685434 600932 894600 1017113 358112
18226 194006 62037 991477 257442 147525 295961 623473 74377 63268
883807 388168 209792 270730 278608 490510 320394 20363 496403 30724
63145 67599 100216 37999 336191 527230 297298 192268 623372 291526
380004 90964 789365 238548 895501 501678 330503 303739 218073 218124
174797 542052 777332 76508 696532 552514 295463 519342 969441 461065
397991 139332 892821 329628 484833 622777 576850 514527 61707 65194
