10 1000
809334 475161 981790 921687 938700 117842 957818 82462 584655 721559
756138 104459 522058 649243 59047 813398 698477 677013 959222 957221
998519 636848 142675 286112 948281 861029 73820 834613 353491 722140
39037 274998 1025841 635154 837226 469749 244819 647099 138998 1040590
641614 767514 1011793 124253 396698 1015444 133743 569231 509970 178283
397216 534551 519776 630442 187266 445932 421865 360212 92191 286599
339993 593399 80016 29667 510286 513342 544748 496079 586110 442105
329745 704810 879615 759251 990155 736323 643556 777686 505823 286947
436311 622812 55257 420959 713324 122330 880824 57070 992698 471066
952762 734571 290300 904672 807462 255814 996233 605130 571193 358596
