10 1000
24984 327695 1040983 162058 681350 355932 129843 666066 856034 450776
536042 449642 564605 102100 95167 18713 308776 503849 314751 918955
127298 746380 668969 482719 669235 162307 18275 974302 1034507 142893
777661 281310 380639 533753 406240 345550 999820 228214 28491 79051
758264 1014751 106163 744646 36705 327184 313308 260562 72006 175964
481348 513222 1028376 547907 181547 450788 541385 326520 736304 298778
914413 175341 271103 354856 965084 350192 548896 832120 291229 783383
120080 657356 342850 493358 607233 356728 543339 762250 101301 585961
327985 301305 311092 937673 907821 793839 817188 822046 842465 11973
737205 357585 746489 294096 999669 308117 541147 109475 177252 512330
