10 1000
289210 376862 592437 470226 221215 736109 999658 484423 372850 269866
810157 136548 593039 303885 465229 218590 870119 298709 540881 290986
841335 329561 221486 1004242 836356 424923 883220 93433 357679 986476
422681 28564 868687 981672 700253 531009 382651 459333 914596 762597
138372 407571 924855 366958 356185 639169 149930 185644 521181 57363
797627 659609 748792 385891 286457 479494 708266 117735 902972 43161
537949 698645 302359 363940 807341 690608 304798 642235 328687 604200
69989 107954 285640 1028393 783815 649877 299144 319015 356275 1033222
66475 351553 1029273 591946 891029 372599 363195 768350 865722 6102
238760 811518 168336 833196 292658 971882 1031936 1001910 717398 153380
