10 1000
553436 294925 176817 692873 953303 834743 61523 272596 455231 586836
161781 585736 596126 138080 26853 512252 101940 291035 404573 195250
498445 916063 978290 852464 25086 1047216 438353 121123 116007 719543
712268 773708 226511 63043 999592 799007 793980 559317 7643 578656
223524 519110 680761 259220 394652 989875 367864 45486 571553 40302
736030 649422 431823 26944 636653 782018 353560 472065 431857 905911
1031679 292529 490008 293530 485957 120257 94727 282170 194526 768984
650597 901519 262561 1000044 892226 187543 131745 993287 513567 49715
297204 76861 238412 244737 607746 967056 623365 187914 631512 853140
573433 296352 917057 833864 77780 340513 803462 684093 939469 535401
