10 1000
817662 278556 285395 1034065 495182 190854 936842 615745 937391 658086
394930 801030 559468 472761 393751 314427 556795 478759 696819 561075
703544 237194 506229 331453 431305 785256 757030 944132 751875 514550
487656 1043206 785247 403474 253205 93840 428619 848358 886324 148046
713816 960522 385341 864572 255396 140386 201358 105808 938554 184865
18657 273553 150319 906848 994623 679712 518523 132254 28157 652596
686927 815945 509424 302358 361012 920449 898233 78073 230828 620519
600336 418801 352555 488555 994436 935802 972866 22442 209433 521948
35438 59781 567521 326274 591034 487944 29082 388170 544131 867719
9444 888975 265256 291636 661523 1005022 769117 299560 398335 896263
