10 1000
33312 786452 689972 482360 520714 939809 425684 344257 684589 453364
703500 659213 291662 825227 901136 361142 32789 553931 173987 120745
779343 822452 764935 881438 138357 591491 470622 515194 413685 406226
198096 440855 361678 263687 606966 669937 293081 475010 575973 913112
1026307 986900 169439 159609 186519 566928 851742 945492 349458 358684
83125 334629 118671 441078 239862 263288 740900 302309 67793 733793
405990 289220 1017286 935598 182361 1013693 732201 112320 802479 23706
475783 544035 942637 689480 52331 535782 796663 790645 683363 61705
682087 409563 789117 625439 914787 695099 107315 602259 87962 421177
981106 948693 623942 454763 945689 628885 622435 164046 434634 875556
