10 1000
297474 835589 814934 133600 980883 528 574733 527700 183741 267270
970059 968195 385724 637522 764642 433777 618714 740663 928269 762536
443258 190561 194560 359507 321858 853851 660265 552285 848849 725395
961396 171869 854878 186454 384843 485246 978926 214705 348682 489718
402559 412888 858075 830161 473263 366657 684392 999850 245641 472659
669514 581498 332399 722390 340772 374170 639559 109690 521181 988642
259926 814140 997934 958754 8232 43517 518807 313347 871645 168101
493298 257885 983719 176975 163245 309003 64788 225240 952677 509414
944893 522851 459216 970140 899035 207011 545196 918227 47297 414762
418671 486650 30511 932375 350686 261994 950712 811739 976888 580170
