10 1000
561764 884758 514002 1030075 203867 493002 488884 737735 102384 589432
58899 271215 390829 983615 842570 138067 374793 766777 18049 862384
888320 660839 1012828 470897 543672 296496 121196 579719 541657 976456
132641 605829 212702 840893 12478 216096 468009 838689 572277 265843
479711 499469 616533 706347 283242 213555 894010 861480 849141 477998
862191 730925 583768 954357 580400 592478 420341 480156 827920 159692
294900 177048 843041 1005084 728000 783756 146958 608898 702700 4949
1014514 1018720 1005774 147466 267560 1016073 421693 563704 798921 574419
778658 232223 726533 293335 616780 542276 284690 484743 274339 739176
882750 1018020 989438 931315 312 530721 883774 613200 671843 173575
