10 1000
825926 868359 81840 713315 661954 643323 642669 396370 602208 655498
300884 60001 288607 667622 700856 67476 805062 560581 838447 482737
43317 291250 401499 991292 966287 34792 844827 485792 196605 247049
1026181 859087 766286 658156 830723 922543 897822 570642 336026 956509
973987 974017 453201 262787 111186 949474 731724 788950 663150 328801
414736 451442 800184 209109 934114 572348 320918 156419 678172 411727
112964 702048 811721 1028496 652209 273356 981168 799809 772766 188266
1031815 272670 931908 685581 435438 203492 701918 517717 578767 1046332
1041208 151207 7592 212820 601076 128476 895629 22471 377080 753275
385827 433547 453271 458639 734975 163550 688869 506181 132689 467049
