10 1000
41640 983057 9977 428862 929416 881397 436260 878494 840781 516805
471828 503296 724328 149801 730272 862171 153219 354681 435366 508735
943104 435598 931873 794627 716933 1040014 885540 329803 545317 716792
322885 877351 120992 761607 416137 818324 85697 135647 479527 19544
821013 659716 525491 965400 471209 392294 911359 483211 839482 332630
459764 597923 289472 193084 941643 562868 706742 255855 3379 432338
621232 71546 620710 698459 33571 436482 972668 464886 477821 1021316
746374 323576 420089 419056 64292 874463 732753 498185 977061 223030
805470 1005186 292165 728514 922549 799977 827921 786999 409507 811172
21804 580657 648338 1003199 533548 338445 913591 993580 525580 362983
