10 1000
305802 1032192 446107 253670 469777 206788 529405 10763 289757 334903
213587 222990 695450 484592 872018 932636 763468 415621 665864 898622
213813 573787 486438 274254 787890 778070 48723 702828 192001 511161
607201 607853 612144 868694 705588 74523 776694 420076 707272 711286
330345 217800 493239 32432 184465 574135 747913 422773 664993 482329
815115 318460 46880 1002780 574873 599894 541909 448496 456255 180049
834560 594562 640846 675799 158546 620354 135618 158005 407567 874939
763891 1002886 460915 938743 150242 117810 521394 583076 658595 283609
542916 955194 1015528 809793 938253 362353 348302 733303 512248 809399
577073 117022 5883 492739 201707 1002994 659052 117561 17214 3977
