10 1000
570092 950291 882207 942269 704729 303134 500548 222872 469392 652873
878859 623202 690315 122013 671738 704062 487071 436619 279940 736294
527951 15453 712826 425068 42824 155197 750614 658614 417289 146274
388788 190389 484016 216509 994241 329797 135729 647804 467895 634099
294857 164125 260409 398154 113236 923845 834779 268279 356061 467300
745646 467883 871703 706367 339341 366738 520039 10262 894962 1033599
734370 511270 663617 768233 610490 142131 509275 1043380 117822 1038923
220147 207291 479770 958898 270951 719408 91803 201604 570639 742892
902043 713286 223549 454410 692122 977302 612656 153379 214938 84725
251232 601408 1014058 494375 412429 306105 652266 324274 320677 684996
