10 1000
834254 933890 761469 734565 247104 718127 596125 928525 1021440 723131
596044 871276 727417 323908 808200 631545 958032 366455 575530 84263
338298 940168 242813 946977 414335 417765 412001 376209 844333 989219
540688 443135 1043744 365548 243324 546762 558342 891727 702552 211677
914101 770769 817981 579298 285292 206356 668333 342793 230470 355883
4945 714740 626935 489503 243295 272752 353028 333961 744702 779004
979474 1034462 696233 745317 768203 914803 721893 693623 48716 857716
237446 560069 406160 432053 431009 418269 900216 814121 807177 811267
639233 731134 549520 108937 707874 481806 43951 353635 174273 95206
740989 14447 428867 999771 883914 969798 920881 659623 828055 1045930
