10 1000
49968 655390 1033390 324148 281358 531625 480023 478796 121775 66077
990974 94826 233493 247805 677663 880322 450731 186704 158169 640660
1021250 902658 265480 753052 50870 894093 902215 775573 498478 573909
995576 600569 267903 244734 27497 604506 921421 92841 474732 96403
464621 355035 629248 387038 507848 66166 598051 304729 906876 506890
23472 969573 777176 700031 826208 947792 166527 465943 733443 137160
297309 244631 875097 1032819 932607 261874 440156 763278 211936 287123
702102 976948 218043 123870 638757 534183 222266 801667 1008400 759775
609135 773755 51825 348939 248216 10246 55861 35113 714050 806497
748185 895200 165739 733807 484569 104856 373100 950927 700776 153773
