10 1000
314130 704527 601292 108524 872087 412056 649422 656345 615487 261359
749497 375652 131559 453156 802285 946693 987236 124844 975991 242581
176759 238295 874767 226001 406401 632149 63792 287922 861962 385684
171612 855219 825839 353711 849620 288469 301178 332698 697731 782013
957329 796951 399364 729718 155632 801959 1027669 363175 736487 389957
731215 200506 984632 463199 655538 1034162 1564 142472 903695 405579
85997 769647 910769 992767 840334 794802 684514 973645 149906 437676
684771 346698 144177 644569 724707 310602 1031897 214062 755478 828208
870901 658371 770524 136584 232224 629662 600234 506729 723481 817010
258436 310735 750850 260115 807710 786023 151479 24730 194394 515779
