10 1000
578420 753692 169032 793015 42335 118338 415863 610122 665202 988817
345313 1007112 136694 21065 740421 718631 252087 72098 35067 342413
655117 745425 54611 74227 692603 9278 734069 315752 628482 5455
930569 437611 175215 747844 596257 19851 873405 694538 478460 563256
1044017 916162 157578 872332 79157 714453 555783 519717 292763 364088
801002 63341 195599 170876 518310 227446 1027502 316270 433090 739941
444239 352715 918206 971457 518502 490691 1025403 219596 376227 274012
167651 601719 158040 599708 878182 1018696 601328 569870 605882 238853
574122 948927 513545 565699 480695 193913 336148 973885 1023355 91184
584405 809361 269011 260087 592888 6188 111153 350481 413889 893582
