10 1000
842582 737293 293930 609391 630982 1022835 582574 262879 170466 911459
79270 759558 230404 360336 861879 650208 665720 141150 787797 1002636
317496 342788 622932 601790 812108 271846 396802 745551 207654 865806
236973 165921 664575 898837 361628 856580 509066 974905 710419 134678
418637 309518 910734 231972 316685 514052 980337 443099 171264 508279
477973 865074 401903 992348 95092 182676 860621 123889 24782 1011174
197119 877619 965974 931149 327959 565891 222149 403215 315345 451171
150166 166921 199122 69787 1038240 200869 390675 511395 907964 299498
835632 1031943 843172 1042240 464655 739041 840587 650877 946720 89379
29128 347326 911546 736651 146495 688083 412906 768772 923379 533728
