10 1000
58296 589851 353635 337202 890764 735613 493031 1009939 490959 2604
168422 840551 847411 858463 832431 379823 276029 1033186 420572 1036802
660749 519992 104750 667265 535110 752768 485693 590244 624382 269567
579693 192713 18961 795390 1011734 1015103 735573 279796 566958 842259
276731 29899 199532 603071 153590 809088 538818 889990 281684 513600
400625 184291 949911 976565 93661 189596 199917 26525 668897 1031547
770571 443689 763705 732294 815493 663629 216073 853176 544562 764045
432023 150255 743791 852582 624746 875934 290204 504319 779990 524768
1010006 173858 570697 509398 12110 427988 908055 375693 888187 410620
378823 724228 190143 167099 77548 862976 81592 207725 267694 691566
