10 1000
322458 638986 232705 28906 299541 355404 605758 140422 1032799 193758
450721 531049 884673 537734 711005 448360 902898 851230 714610 370435
471608 625645 576809 139724 974705 1015128 676938 438403 211674 606142
358089 447875 574849 720047 257451 139952 110178 15815 343361 412733
898439 603911 821608 521751 505806 91729 964276 833656 173775 366863
880398 986044 697207 219541 521743 218494 98446 349954 839661 760568
918715 966865 727249 772874 956916 392717 1018551 555643 605504 615602
414690 649361 670181 341089 735660 116339 571263 577106 983760 996623
748492 221850 245476 33621 28150 996428 272776 166349 811552 424687
875738 137259 726230 673479 661803 478463 442467 903544 807836 985856
