10 1000
586748 557081 537989 904881 621021 191382 429703 92181 819218 925344
576505 196357 879568 953579 895221 152138 69153 787216 297982 208155
819010 95979 344437 29422 163211 457779 105999 394585 494290 837733
646044 881755 454657 323652 393822 395758 550309 1029975 578622 342712
835623 582866 587494 105453 318731 506915 615398 974074 912819 386162
688043 848875 481600 447414 663067 1043130 928572 239844 499232 450774
625689 8053 589790 670772 369180 959100 679470 391418 969073 780098
962530 363692 680844 378660 872745 716913 927062 211058 899964 13114
974995 463846 1026353 669470 308065 285355 532534 781977 587074 747949
411531 719989 293639 674083 999885 830132 343525 585971 586759 358221
