10 1000
850910 540680 974311 564073 31812 835239 537950 796032 278402 843858
834238 407051 850466 762162 770567 85645 589550 998892 525904 612378
88183 987710 791922 556451 297148 196075 828280 636030 866038 125732
292152 610577 950161 142869 696291 743009 193170 773732 348113 1027222
347483 108318 488674 1007173 81203 688882 1043856 1044484 722728 502589
68692 79796 230560 748694 820681 940888 829279 432251 91436 182101
805545 531085 540726 711608 477805 97340 432272 34361 1030915 600957
945047 929490 721670 913699 1040623 420764 196533 804831 614266 460757
713225 448094 303772 881053 324057 911667 119465 842969 596505 741566
973974 256346 887150 164703 292362 445771 181054 398054 45621 61731
