10 1000
66624 524328 331368 964720 1041428 831074 818570 573873 131353 535906
771290 270694 129419 770564 89708 58352 272635 360674 211956 501791
75288 797864 895568 406995 759649 319114 1041778 281882 284255 720220
818057 1039640 512975 119072 761247 695897 19161 574882 736871 237379
899415 30000 139135 980742 1007296 560171 919343 608537 523566 227645
742607 1031300 386682 292438 946642 59370 208017 421594 650977 497946
329245 864056 542695 976905 650699 338564 96383 593907 661850 73875
940739 210665 574012 647501 850388 936046 680914 392686 790215 876122
150734 27578 931671 163390 558975 787162 378019 1001192 593334 470571
733415 502598 403163 862260 687222 51479 900308 725011 300417 259666
