10 1000
330850 573497 255498 781736 450957 195411 181843 363556 704137 709520
1029533 59496 26745 978909 472222 261943 907316 441886 1029722 908574
786733 149629 327255 932510 877142 57170 186373 785469 977531 515613
120109 784466 1006687 462705 458786 508374 712174 834705 435592 592237
275499 603900 892283 12974 704248 373498 559449 550375 71605 79474
10032 162011 80794 641398 584192 87560 106738 220741 988653 245401
49325 338624 587791 921477 722362 718020 900801 815408 748328 257196
958134 562327 631478 120650 935954 185219 440625 688707 584385 682677
413268 110082 343290 342205 574919 373058 800316 554152 582381 464696
240634 966249 1037490 385608 84913 700136 672271 389638 840627 421948
