10 1000
594948 622634 548494 414707 723525 359561 882410 442551 654532 408046
106181 658692 31848 546736 17718 490005 69863 409616 121558 743174
478295 701819 619019 813500 114860 613945 594496 739815 678515 141766
882808 22922 92639 590746 192471 256648 202281 210433 740599 688104
344459 582953 647925 417620 644157 223368 1006603 655717 941257 84751
472981 98444 836013 803669 328212 911820 920384 369059 279584 967863
477199 783716 728832 1046715 15954 108725 551512 127921 827161 94044
418486 323754 653535 74767 532631 648577 11032 95331 676717 355456
247051 384894 600879 1019126 793424 974757 16258 70652 816527 656506
569515 416311 47971 388524 267095 84131 638857 52109 554024 789617
