10 1000
859174 606267 964332 198187 135132 731576 249139 757026 82772 313116
388994 967690 126362 883305 405444 288466 581672 360172 874360 74247
682850 315822 9740 288497 472475 876513 274231 325824 58967 985735
55004 294080 648783 1039819 946794 963847 622878 479026 448280 59846
838903 108261 418033 563964 799749 939609 643709 732571 570962 197696
803946 804051 531533 130165 235974 809006 821027 37180 180012 713524
167615 258204 762088 991031 185891 947957 306406 298354 912747 238435
435907 1004244 563285 594440 692561 360044 848379 920526 964459 153711
509841 268998 139394 576117 809448 486461 642333 401852 891604 671081
11190 1003288 608522 862160 992400 733020 934226 928152 12826 625183
