10 1000
74952 720941 1028005 1011574 407702 1018806 830330 59118 305017 599379
412610 622699 952237 335014 506588 542365 458349 563792 473329 113801
304727 394642 540278 485070 228241 132743 346120 432427 674703 401526
758556 263208 233377 935968 296672 842300 359617 912383 304805 933315
956225 355104 560659 140135 702206 382685 991182 31686 943878 201591
856974 243714 17205 16028 231279 816422 174595 70992 584451 668585
675147 545158 965255 657148 763569 848955 295722 1027781 93576 977293
162754 1020978 51432 327925 839323 734039 879220 948114 559873 968805
290551 590563 411759 59619 745897 699656 574849 685132 943503 861110
368057 69282 411407 300768 800323 818063 602880 440817 667975 730001
