10 1000
339178 770108 608199 670382 998671 122503 135331 895867 792809 777121
146053 870757 988767 12671 118830 744026 986786 763052 767327 772488
622946 549191 92785 1010051 364198 395103 554367 600076 63403 721719
409016 8546 720945 562801 531293 99763 1043446 627404 605514 306157
465469 796908 461847 845519 1005254 583692 627128 87864 560541 89144
417905 949341 302805 885180 335037 902340 9824 271823 921615 922666
1018875 21630 918895 713072 609984 207483 542100 708614 8186 796082
180151 276044 108642 866034 950109 501946 110743 67647 814855 654474
27757 575323 869314 503392 729873 204432 79646 869900 1018580 858789
853668 531341 1029478 810140 459140 400496 970203 547812 161653 959999
