10 1000
603276 688175 196419 492789 186055 416093 892954 976872 1006244 471519
791005 502793 983630 428306 434566 1040248 247409 744098 383443 869264
183320 40001 845357 866977 601180 1017396 245562 630230 280483 980204
692461 753850 341425 432794 914600 372461 401457 399452 316469 515432
421789 916281 226201 690997 801795 930430 935146 209850 509665 74053
94420 885770 615650 527263 586921 97024 1019346 186921 344514 224772
525145 953306 909920 726606 161064 554506 889101 479879 519115 960066
672695 545393 127499 902583 530392 827064 467646 720415 972459 457407
386866 833063 87063 858667 1047942 553079 868000 270680 728502 2535
400885 65491 55991 807800 153954 916027 864349 877167 446702 317874
