10 1000
867502 671806 268065 184621 775006 527468 203715 240253 517428 380717
549018 222471 955324 238795 52084 836543 669374 549982 611453 472721
1043245 981140 373290 341484 1038699 755692 950861 404721 981895 251821
474697 1025520 899617 17611 92437 586082 833286 156015 610266 871238
1041121 309493 848285 282269 646203 199855 576156 139076 76922 224778
656171 16469 899330 373951 946043 51938 852401 518838 244430 477575
902633 429602 875912 782786 40281 501834 87987 142404 432569 813693
690114 258063 37505 390064 697886 1365 784477 360882 668333 118352
124328 881567 679866 679080 1031998 115695 314431 201496 717549 12532
952040 649980 600286 301316 618149 499140 708230 229498 956124 90076
