10 1000
83280 917538 19954 857724 810256 714218 872521 708412 632987 1033611
943656 1006593 400080 299634 444771 528260 149573 993913 259470 1030434
349973 878110 133983 15185 609698 31876 331627 541941 361092 265819
20129 20214 409982 421081 177152 630770 671053 954505 313838 985352
329401 659711 594080 622497 670111 75981 776210 229908 1015360 113707
674762 289988 1045037 549599 82500 693698 714954 388648 251699 965811
507558 720235 694392 1010900 335725 631755 844554 203965 334869 335258
241362 365566 390058 165851 363162 934447 335903 382488 590004 407692
94150 891418 194395 960042 441220 438759 310693 458578 180078 855411
958988 293491 861430 59952 226998 575514 94939 463442 558371 848603
