10 1000
347506 966707 435600 541604 350345 307419 256912 492201 71435 867193
661359 759055 494370 114603 41873 725827 768138 791685 1013792 379939
552992 197323 745304 537628 1030293 294236 537116 521682 999072 601370
909317 289724 970478 45704 928189 311421 43642 715194 610817 368422
822213 217907 430756 506377 1038759 792092 874084 175850 627931 258916
79925 632987 733133 384511 514454 730144 550057 57015 339007 695088
161814 194707 665488 1018712 522012 425355 9652 418430 290407 512421
223911 930176 299808 700892 473948 186818 654076 698805 910514 68707
355676 810914 654582 647337 457020 983679 872250 118034 217141 865376
407825 880476 317087 532556 541041 176101 429056 651335 49937 619701
