10 1000
611604 1015840 859412 392703 570177 210689 809769 314938 152902 119047
277559 94307 499507 460742 512569 1021537 487513 846475 70828 214587
212314 786381 447236 681790 203375 916535 260185 475144 757416 842433
85328 1034852 64366 966243 771656 60195 614845 353066 310142 453027
917093 164070 191786 120819 832354 707694 688950 51816 450471 232985
403600 676044 447994 22492 668034 498660 511771 401745 949746 516382
389300 796471 639135 949350 838900 860666 389421 778495 236118 348757
759463 153021 313673 672409 87001 651200 1009877 90005 1006878 920150
58883 536286 387875 218338 141227 289944 83588 567878 509783 10018
860736 363266 768334 536488 858519 608686 356742 838092 287882 198904
