10 1000
875830 999473 783734 43047 112344 877104 188656 623535 715478 208885
19824 375149 396993 141855 112843 821926 950422 1037431 891138 602938
924271 367384 1017603 157811 388952 654831 967982 586031 78476 129408
844788 782126 554238 548914 482293 898220 259722 72217 598161 819085
291609 770858 880430 987739 611162 520895 789824 124566 13628 115030
875375 496787 133146 911612 830032 403974 344952 201166 558846 247453
13828 271055 622455 957418 926853 196538 604051 958012 190500 499306
742098 653251 371139 160926 254495 357421 242230 925752 768280 605881
320665 650086 974990 266849 156947 909056 570395 1021958 403468 7729
375133 826925 150311 58836 405072 208465 167773 142297 795320 429718
