10 1000
91608 852007 715839 835962 360850 639038 886457 190563 986875 970170
256304 195852 615670 675024 11731 43753 40659 143563 521867 634292
55130 479012 499577 92236 106834 435337 1024529 692420 761684 578417
501300 759750 138512 652761 896895 1039255 985941 769748 741676 174984
403631 986863 229836 371648 1036705 815675 704755 700619 451688 120417
789643 550978 677730 797205 832761 395022 749144 169378 185041 202240
587248 1016789 812312 754209 480279 32116 596063 376203 944327 709764
1019859 602405 915838 943715 376277 735510 141753 941156 886130 372403
478719 324419 690275 798967 351570 7733 638087 249334 382807 458990
3922 188311 869666 611556 343171 293506 392463 703408 401893 272152
