10 1000
355834 901174 787549 627874 820235 496911 212320 1025526 504171 799560
497783 406530 587012 1007881 411425 243246 618012 69175 752421 252085
913519 601073 969598 616193 480357 173393 171878 336355 74608 389168
657552 1028748 692864 994184 78530 164888 367714 1034215 445123 540070
1025491 412963 787400 749160 668057 85226 806533 760885 3827 235822
491380 371741 952962 103733 667435 505580 647739 501053 272861 471427
865088 493101 842480 746925 375910 1024820 384737 49992 989877 530619
1002406 168795 825844 413796 461843 500475 979802 74697 614772 170588
216933 341755 99278 751220 335850 634285 19992 327606 276492 473597
562255 772792 309067 106136 920388 925053 132052 285093 944087 106870
