10 1000
619932 819237 507097 273145 94147 4821 822745 846181 324390 55606
635695 840046 581909 645476 79497 471820 370383 127033 333737 348845
441621 120567 214818 734243 784031 730170 611619 365625 365432 2027
435653 267092 304896 75619 318775 438086 808869 19831 730044 740131
970867 499446 556102 852882 613212 497304 760791 653495 1000847 255059
28625 414794 225461 270102 509759 723240 412041 88795 1013776 674733
703458 612745 998911 692883 952206 327493 2680 868809 585348 695115
505766 980838 836509 434977 91286 824569 549235 710121 776408 892009
443450 83847 889883 115263 115069 181066 804774 891106 44910 666303
233246 208614 776346 102780 742306 391990 130642 90158 704588 777531
