10 1000
884158 802868 87227 98081 551514 935908 144896 107760 806070 141252
901736 530528 618727 849085 482427 274379 808448 184005 629255 993196
760352 1028642 660261 211822 852904 992738 288852 664862 995164 861354
723809 13854 796816 522546 540810 782537 442514 275524 440403 122125
482575 974138 523842 247354 834404 698441 857505 578633 634644 109340
728110 757781 503125 630838 89325 702666 312810 289348 623388 945198
1015122 89201 1016343 685343 815103 729349 838854 540426 630006 546676
488403 349464 893719 955686 251216 3860 310160 371268 998622 698502
181920 33343 434102 427196 99269 749778 374073 699042 81973 660396
726019 670665 142067 613120 25701 1023177 393353 1016379 165502 940885
