10 1000
99936 262204 1018204 648264 529950 194883 656222 885104 553780 968598
96470 929387 363205 480655 827004 352582 305390 914217 105559 425910
705111 40988 394839 739021 625428 907273 576300 233824 137642 839566
1015385 616207 153345 382759 188265 42664 274944 1047072 259970 946587
135252 1014308 35488 825471 886359 10939 194609 468045 174140 393249
659578 698273 272885 183456 907556 320402 549557 193087 583216 830331
210939 607996 508449 44711 730514 679225 676950 571699 403445 97289
596036 752586 434193 222213 800191 418952 410661 650651 418724 896851
533673 414817 146730 783649 356892 432609 288656 423547 547372 82706
379029 643731 1024925 776287 266863 610690 312247 626909 144459 961142
