10 1000
364098 311341 614718 831888 70535 830578 309383 52453 52388 801124
330129 714597 269111 161878 717966 425345 874529 970197 856569 789175
517474 967881 1004112 215424 1015331 645585 390747 794695 566670 126159
184573 868933 710801 199030 934612 915751 959799 754451 945261 321461
761128 408040 985252 155095 550511 857194 292423 395443 279207 282478
91013 484350 62485 1012608 738038 348784 716502 508576 924988 560376
454987 82692 490953 18731 642531 361337 430824 903152 480647 241718
646193 55732 508059 741890 951417 720741 696006 430646 165794 695228
796211 496089 603783 832418 340132 993913 890127 83003 636279 96769
873352 51132 414196 201251 992680 210557 212332 488136 684665 732184
