10 1000
628260 360510 186810 69579 849999 732072 723006 229494 233193 54042
729801 521 266022 311355 886054 194723 102642 930779 228725 688303
829464 408015 187916 72354 253145 22714 932894 824733 791942 269076
949672 451485 322833 853405 765217 643705 487152 264579 230674 495920
714888 518717 751402 274477 724138 773656 238357 289841 723419 274963
422688 301993 855586 719267 436962 650676 345444 81222 347377 390870
96745 1023136 301766 114197 194059 974600 214641 17777 41398 78790
73777 834953 498418 762183 584956 117095 789743 877590 15886 368009
634220 254117 336210 395241 126515 279710 105649 533359 860693 813379
411865 533474 605733 204231 687438 577590 49386 150339 972258 86101
