10 1000
892422 344111 274904 285203 392662 360089 373735 970211 733561 142824
1004430 314119 368340 126434 782292 124004 548925 855335 1044699 62894
102189 548122 756235 595439 338414 285026 196969 206010 436642 604245
250636 181975 811649 777164 471196 298486 915911 28848 925437 853790
222708 961009 324910 718213 978066 454857 339299 344271 910144 425308
852191 614390 644034 476803 12592 547926 510215 265689 243709 119125
311129 498008 271662 88473 7802 65864 1016015 342962 119748 262137
123972 466935 457336 235328 679226 873098 54796 138171 317960 174438
897014 140573 928511 82282 109707 915206 552494 987439 838990 806992
971716 79565 52300 776123 84617 178121 474673 829782 431056 316987
