10 1000
108264 458809 338065 537422 117404 122007 710062 370223 972116 1036199
849870 233318 718051 625453 686796 902187 425592 59803 368466 27424
999960 690470 234097 660944 92132 720900 157270 83281 787578 4772
562892 179775 396143 675367 902166 451277 66584 709757 814912 250651
81474 681012 662476 19486 552553 880717 254160 923282 733716 420459
808763 434983 101562 427114 12185 553310 648231 362933 648146 65992
818349 800834 81729 278610 618216 230278 1027843 923653 873255 963863
342341 514321 961221 1017277 787184 204721 85379 157671 190050 932204
919184 998712 672274 615420 431306 13875 616114 214239 995861 741007
746955 1013623 1032777 157323 153690 385818 19555 276799 823437 425909
