10 1000
372426 507944 246003 878230 577285 1018278 290423 584634 420548 864597
558729 476776 746769 829172 790590 973036 1019575 251751 594684 663073
156973 323059 706166 137885 496339 983516 1006369 980086 440414 864741
342120 433013 951551 823414 88491 769346 758575 961870 128175 607541
570174 206840 367048 952758 888401 20124 356006 997996 907407 271652
468164 747384 348506 736074 439371 639164 747588 47402 989406 337483
637469 277946 98473 305118 755353 810438 223677 747206 794965 817448
392496 818031 1034831 504762 963382 1016924 890720 858186 393828 593283
656394 981120 84415 927103 448114 624043 37933 292511 974158 751516
261846 418392 405536 699639 618397 1017061 504504 711466 317119 260571
