10 1000
636588 426043 555127 55501 337101 527996 777934 763689 338057 121643
437713 893700 749824 663193 745878 679374 214628 207209 491120 824377
600151 790773 477738 18879 733225 426167 299364 934316 133206 575038
628029 866989 45439 171165 308830 1021468 153832 75742 794064 668592
640670 193581 124486 582732 976020 431342 179188 876270 168947 284761
13409 565039 568173 962921 744543 360312 312310 411340 280851 547941
930495 713246 157606 348384 48497 459191 441636 451655 775524 981720
852272 8018 1019942 475391 580531 307806 722249 454250 310216 396214
1019733 690684 876138 299316 133349 191308 826771 856523 674348 419038
583047 951814 614385 697107 800635 287406 282430 1041057 28964 624022
