10 1000
900750 409642 954389 363797 794964 416589 353559 453308 890649 206297
187542 616970 712946 996160 854884 606473 702123 6037 783326 450872
266082 160800 925229 542450 902430 164207 633875 127115 570482 386431
277401 597991 540399 279244 535523 182675 577503 351981 99903 42398
19426 767969 943170 401892 722092 764479 275842 815632 293224 399126
739230 351088 816781 200265 903053 315034 413589 226899 176671 818150
783375 190438 186446 374636 152832 581623 687002 236164 698134 800487
902469 769324 979116 1013496 682613 534963 516010 627143 24526 81753
757199 740420 415175 251831 150109 743636 356108 664459 763255 417229
32410 496425 44440 158063 458940 918865 242149 65716 538390 787448
