10 1000
116592 131126 707270 674372 765722 307915 732829 1019901 252598 601983
317988 348940 158110 525817 723315 888114 182352 481714 86573 945803
963418 125610 632664 870479 741847 621063 139573 1022095 249201 146569
215921 455905 247216 158430 784118 239363 935316 634635 786443 190416
700346 335851 755071 725208 581896 626269 468748 913216 666450 312631
724863 96225 933282 972841 191154 954810 108270 94925 188386 364242
102208 955567 335294 76410 513844 447606 511779 174717 598714 344320
322645 909021 758151 524947 345841 421577 591848 640621 224727 444805
722849 763329 982310 470325 741095 797404 335510 1036225 256244 745546
23166 656294 303536 399963 858287 86159 527800 365212 926953 110335
