10 1000
380754 180263 795300 991132 174723 714746 365892 180840 746790 774541
43875 104962 260204 862240 877441 954869 735391 288590 909187 269194
234607 1019519 62303 345858 894176 883679 990274 10664 618837 991176
976341 184747 739872 308367 486219 981132 316067 906808 105444 553470
205510 810023 264059 382320 852272 307340 108922 836542 836041 428664
31872 832446 712770 222985 291168 991320 207501 279122 271598 108881
281072 430423 369238 118262 343877 592438 723357 513214 544968 494911
272416 425123 717069 13460 522039 718116 384267 440768 494033 130410
984379 680057 390795 27574 724063 366916 846857 589185 133039 743769
573795 202377 873433 970791 405352 735088 1045347 749705 418523 272529
