10 1000
644916 229428 498208 172487 999755 876576 665085 102139 534379 474099
950331 753518 257149 757837 660009 660695 520268 301376 242447 168338
579861 488313 884483 463904 67098 326324 316935 40050 901469 714771
149632 618611 360352 702564 165054 709586 858468 154792 815771 722811
153446 888818 30965 243850 945141 158462 425000 960316 232117 456453
486437 1002473 465525 453930 629108 237468 819519 179636 1013027 840575
246098 544499 410969 15048 918701 153159 974084 677439 1025273 331471
840736 661662 699236 51153 106418 115494 216866 872416 340093 981855
691812 921861 647518 712701 1037000 980899 58807 105173 430285 412187
252466 783063 146440 974787 227214 53563 790245 936194 181568 939228
