10 1000
909078 213029 94786 521247 410834 210193 302628 836462 39163 378113
717180 1029728 163215 966036 817371 591888 917635 501692 999073 582803
392736 595884 273156 990061 521005 64364 650096 994645 490873 510802
1041956 873785 913456 812597 923907 494685 495187 402843 125300 102741
776730 314430 1047281 884002 756685 1004591 62046 1018818 352302 309322
794586 167862 247701 741898 983718 142974 920924 494891 626223 587004
395234 19211 457393 56644 847068 886791 138170 993532 972427 508656
790613 113376 773102 586198 208500 874699 1021377 143437 119931 642992
953598 1037501 191219 891262 1020016 476219 595752 436373 491414 422664
737583 190456 773729 398783 540745 702148 782398 43799 689010 774834
