10 1000
124920 65587 27403 761154 160664 497439 784493 501922 359638 534350
611644 586241 858040 449371 912835 338015 7878 672512 348456 555549
733973 770960 799614 793426 245031 1024522 560207 871614 905377 975267
304100 863697 498142 914398 322953 385894 750476 819542 235721 1000784
623020 507 70675 509113 854326 316587 409581 318879 242042 307069
870462 881511 760045 692451 990223 131958 8316 395591 252416 533601
967702 780817 254174 377999 367694 985801 144502 265035 153192 690206
576852 97286 236371 320299 356798 202224 921166 150545 518161 352186
861592 183448 426526 375784 567345 689422 532404 720229 295117 93655
980768 828994 311396 1025167 742042 909847 819820 539518 32815 621372
