10 1000
389082 114722 426857 968858 751105 639534 345012 714039 901958 711100
861307 801551 820810 259714 755505 406680 650761 622076 646278 134940
398368 370501 354169 267295 346128 762834 373048 195993 486533 246498
593216 592027 988750 732559 553012 572649 124091 587877 918310 381822
3280 606775 955927 590097 583950 649850 45467 389473 351201 450610
408513 46904 1000717 470979 624605 242324 175135 211416 336140 787426
721574 258025 220982 336643 488511 54409 979656 95624 205850 541729
526625 712312 195545 841004 508024 1019421 185517 865212 199703 158549
599810 198944 887219 195947 584329 210582 126251 904997 356246 87236
420925 373613 864781 487155 25949 493032 752823 448875 575005 851282
