10 1000
653244 32817 867309 227009 433609 935412 717581 633252 950539 406466
200483 450147 823899 347887 849561 176570 337626 623602 503818 296196
874842 875075 584485 411453 649962 139961 949117 149571 253069 406841
368661 174403 74702 336228 892865 825271 536444 488181 256601 435707
96624 561634 715161 1010923 754635 995336 484553 497123 659613 433487
76644 216943 180026 173536 290761 986448 853933 378430 946369 96716
821764 864333 47161 316477 806871 755960 730705 849673 315435 706513
62753 440901 172464 796265 108797 309279 280196 443804 112059 879968
830557 489564 106086 543008 799774 546929 910485 305265 129268 804742
882540 874291 155100 483607 343483 811939 557361 254176 811398 426271
