10 1000
917406 16416 775055 402201 1022032 4293 280788 320561 409243 314672
491108 137069 852905 25398 695403 109949 841237 703758 736676 978949
32367 212630 114466 936048 991197 402273 214538 915812 614569 726648
528049 429065 633950 261941 66172 116792 178251 199622 946614 799701
586764 119342 355229 108867 943091 134873 125631 440605 850438 315904
678043 953136 418522 989888 193563 965810 1018830 63137 560077 351823
609460 341429 2001 275377 960422 284344 516335 625098 369241 527342
12628 858171 246074 266350 203067 533490 564327 637489 348605 678287
569031 441828 693707 987043 816806 125929 267786 236081 6063 818837
388209 279068 765877 1026923 920188 394332 1015786 852725 272308 198513
