10 1000
133249 81 662736 880864 1034280 613573 588565 99170 262675 56039
379270 960398 396189 604394 131975 694501 842148 452371 493799 645753
471080 304684 644450 421224 613008 636769 104292 959709 254536 336399
187996 580181 403427 83464 807398 961975 417148 132326 135209 596202
546619 273251 318136 373536 529105 104671 146762 1030096 215660 1013121
330390 1044807 151372 837878 310333 373544 506326 938731 41937 995291
44012 260156 815239 461132 210562 677958 674116 703401 653350 1018067
262964 150109 225775 677451 300948 606058 239844 971960 258890 372667
686823 205635 32004 598374 36742 534494 60304 498300 25409 1033583
678281 82545 898474 350727 265991 105679 52603 340298 706270 735321
