10 1000
393379 49216 849074 533816 445873 461300 409804 839415 834947 140309
112833 683648 498287 791859 289141 623650 338283 383471 722249 241528
661277 705273 33125 942629 1028007 898745 829971 71162 613996 524622
1011960 851743 960627 497753 52315 258616 838219 425429 1018822 233156
121415 878767 743612 751240 914153 828942 308028 957230 368887 867022
948585 144664 430764 96214 141295 262858 341429 746100 415965 723032
355676 785860 839535 519872 122611 361990 430074 1033578 559700 869612
313153 649251 135525 155724 403026 369799 1012231 109333 464716 170836
948349 190203 751273 944101 52542 103494 596239 43068 101402 1047676
180884 546654 280515 888955 997568 785200 471968 775007 164076 966199
