10 1000
661701 98387 478262 367459 730745 36398 651381 1016420 1048526 970347
1020825 35820 495230 699742 202973 852224 647608 337889 354757 337248
88679 147455 855353 798983 200029 276434 483414 106528 912996 915093
253357 483015 40435 627890 336814 514406 328076 653125 156345 63553
45031 834426 993074 858994 956460 687228 222830 851884 715659 870323
616908 118095 747675 327157 1036283 572686 695815 892306 854288 422518
189950 336480 993376 399870 714011 973431 220003 149483 1015397 1034012
801601 363550 150284 168713 20183 955013 647214 679221 372448 892257
783138 432007 483708 316334 267177 719521 331953 642920 334712 192318
645573 45824 731154 892831 679974 7547 314918 977620 403319 311930
