10 1000
921831 81986 107604 52923 140256 973599 478124 184305 475230 798873
778974 279266 401292 1015943 356911 925127 4471 399645 648299 1003617
818514 809770 284990 278090 391274 13834 679201 921863 479808 54740
946953 228237 528995 1002211 638483 689897 1021627 888438 1046870 683631
598683 391350 42294 253658 751636 475821 387096 906066 786704 985340
137779 788752 1029499 606933 611369 593132 528996 568589 782876 153077
467790 862104 1021832 458354 527722 66615 1023453 473384 920599 854819
851764 929376 207750 697614 196369 133480 342733 336536 84710 698766
1044920 479807 813777 234797 282897 215353 844334 982312 324643 185901
82648 632367 187003 349667 88033 686724 209149 2241 942405 82964
