10 1000
141321 196692 48413 829414 398506 686353 536037 631869 173171 119510
542366 198275 619963 517704 321335 146824 921394 785825 232418 1036015
176231 954134 803140 474741 112224 1011564 735774 815340 917400 655141
341705 197477 162701 974600 215705 584146 224100 469691 887019 309866
751917 79219 936916 616257 916207 836137 206251 427279 708676 991179
216535 259521 518659 557116 608896 598500 409412 600417 108083 165224
1040570 427650 691687 255929 97784 231161 1028625 793247 167156 16845
533045 977030 752443 440307 303323 803923 303426 351940 489100 407940
809182 674330 524860 767931 223568 952332 912050 174296 461688 379122
324823 518037 906366 845011 148786 863831 279215 563368 287256 257434
