10 1000
401451 245829 415103 651838 987443 273440 431676 321960 662499 207908
800729 511885 582729 183185 167365 74063 524285 574301 984652 375790
1021778 60355 333123 995640 475991 749236 395113 246219 476092 318564
563309 468527 717853 524633 1038116 374365 654419 217992 4868 928836
193617 554687 117200 500457 531159 130296 371677 502257 801503 872580
540200 930206 210915 343836 1036626 561158 308007 793086 482623 434923
665098 951162 668175 196661 234889 809145 226479 615516 261766 167410
583232 346872 662449 950772 397597 57278 555937 663913 234122 68971
547396 757666 199057 848184 207848 474004 268333 367256 451619 389601
815050 979642 271895 274095 619253 477608 244852 424637 795690 420852
