10 1000
669773 163926 912891 281701 195323 240634 599685 501051 612782 1033818
138369 862945 585816 291836 392301 369773 735022 539987 92864 209398
317992 530117 563487 877082 778669 192479 904492 226321 258996 76735
275768 821239 311709 396722 669905 105731 14228 842008 916091 875201
229873 632170 374366 118547 749586 468618 163471 380275 225699 863737
994957 903625 970196 46399 145734 274370 727189 714264 789746 776389
896680 23774 644352 194315 568929 459976 434230 321245 264887 3586
6720 601797 672216 946865 31128 780732 977288 120649 76582 920414
905499 1048286 990788 410995 521599 808307 528787 851404 160577 582307
488603 399076 739782 270667 797203 831459 16882 213814 558001 792505
