10 1000
929903 147527 722329 72125 786274 917195 499036 714926 124478 866472
421318 648175 614826 89637 235167 440490 182241 721839 911214 607479
654621 422416 118040 355671 857242 454151 61531 836918 610192 788734
629660 565949 806413 54243 435564 836236 696483 565291 24980 511215
658573 59046 668762 985787 954410 661595 323833 319885 367416 1008310
286066 3478 659508 854559 303764 368160 627958 1037959 718846 1048390
550936 547110 617192 135303 673296 580232 681608 104478 358597 180797
56885 167099 729426 410806 182366 488017 144235 960740 380704 606129
643969 932710 267753 66544 505799 386795 123660 774028 236570 580528
1044358 984011 179119 846647 466388 444444 507689 893219 50563 627159
