10 1000
149905 393307 1007434 974572 815404 989005 644822 232943 1026961 471566
27508 383721 125126 419996 365704 160913 702746 806280 476829 117572
213285 388250 423021 25578 753747 857455 753021 175410 145043 774408
977780 477627 505170 457713 358521 896028 797416 283085 911264 364193
59605 937644 1037671 146311 882062 539705 516727 359645 772354 897175
267667 270599 547611 56447 757675 1032448 949645 905753 694787 395890
136023 273007 962328 429457 1033252 446729 512561 43239 458089 767450
653093 323402 934009 78045 910554 603435 846633 982862 458041 969069
612847 971491 834824 391538 963453 169187 103062 926662 774553 386615
1035106 168772 440199 563203 853447 630210 787316 602891 448124 277712
