10 1000
410035 442442 636712 756532 357557 82556 486671 966778 463873 380156
268851 70631 31028 214341 261754 92246 215509 1012596 772915 769605
943632 755791 991338 552103 882020 595127 409610 859157 559799 455241
214480 224497 998082 9632 648644 62355 441823 10494 31823 989327
615849 462176 22371 851503 562614 328424 93185 282659 861081 1048536
1009260 648536 820987 877407 857209 946402 848366 582278 811279 142833
513511 798615 921840 420381 863317 593737 726159 382500 495387 621029
602960 1002804 991475 591578 1004828 372422 12746 98531 137535 654722
875381 989019 505509 180209 979397 731003 548873 594310 671426 384804
479359 755307 1000942 21119 406016 260669 785839 512286 954446 113342
