10 1000
678357 491609 135084 406895 565117 443814 581046 888041 284236 599682
668011 784011 27941 392488 298962 388468 1016070 1019258 370623 865373
338794 226633 175158 671621 120734 38364 887375 895439 801471 198034
1042565 576809 69442 928075 789041 317645 1013272 1024622 890160 814602
528393 450229 272621 693205 786291 252058 440659 406689 157925 1016485
554697 662799 97484 584060 64621 184102 219740 925024 471234 1005535
23877 192563 915455 498979 399293 152376 966678 545957 31530 784917
118608 207113 1014426 652703 605593 956612 435171 685763 41107 457655
577578 747047 762224 527290 667474 18844 289207 30418 960928 576614
805678 221749 10815 23963 223974 531574 524329 190613 669653 771827
