10 1000
938487 475208 321486 221367 105188 561303 419439 49532 846300 776304
933932 999301 130263 53489 189728 455091 422345 832390 600593 475484
527455 856476 784433 143560 467625 300036 46904 137448 427675 927443
149025 845923 622802 587546 38796 624450 385327 777053 3807 456740
105845 1023353 764649 284285 925515 976459 14117 464991 295550 904682
197942 514384 368940 349788 419775 229060 120383 732671 117710 749660
367605 718283 870423 490159 327628 888184 132776 862822 67928 603690
68389 559991 924176 115608 756831 131881 686336 330094 279701 118616
840368 697247 43741 1002809 683498 653828 891688 476306 1001211 587125
315443 685850 645206 563175 548129 162697 1048306 789120 160231 934045
