10 1000
157977 327774 392839 985578 372142 799385 589862 764592 593393 408127
910444 556004 956128 570942 225336 709116 552844 87866 214424 516050
442730 1033632 254027 78071 224419 773474 118791 30979 797507 461858
590817 823435 256316 615153 680710 780409 597232 98192 163682 535585
247491 741564 345099 978918 564656 353999 457366 806402 152362 907997
152274 533889 917076 300213 424214 218060 1047327 698771 761825 762049
874497 87249 545400 156516 888670 987062 141668 395729 887227 294084
382500 544145 412333 905573 906133 806418 778895 357682 162047 876370
1014742 506810 311856 487343 873899 277297 824244 725346 833952 1043370
91708 276128 448083 75479 741362 339802 560288 301801 553658 846099
