10 1000
418107 376911 202469 678962 829495 157608 506879 452389 111201 312525
628011 832234 984850 891879 334538 642363 106307 158150 1034294 895699
779871 106869 701516 606138 366996 1035450 847216 1034276 431975 667491
306501 570817 747180 1031328 458427 440310 232391 329379 1041549 178703
674751 136048 706063 10830 884104 546846 29920 877308 309681 1021330
598317 385502 598964 600981 58052 188974 882556 1022220 877805 1017666
564913 610601 585104 165096 1009455 53750 978906 227090 850889 438523
332369 258031 469543 386914 1008211 54783 473196 658079 433401 682941
751948 425474 1034653 10540 857875 886953 352555 795426 874235 1036985
654625 861071 992314 650411 30773 1001637 1012347 686332 13448 618365
