10 1000
686429 295004 568929 516713 82943 385138 527174 371638 192556 536243
507507 415622 987907 729994 158562 870425 874384 169928 107706 729291
43813 613491 473104 748696 605038 413137 468789 1015294 141167 1038520
524304 201753 348972 110667 201038 171176 671744 691251 134642 117898
736799 245925 964993 411572 923469 950892 500146 984702 783053 1042671
930184 399753 317827 827830 854736 941546 187598 616170 406816 195948
988691 495245 723615 226262 285895 757127 736067 980371 724984 275211
912977 1018834 487502 332839 592598 779261 109125 130239 271701 355720
979475 135038 253512 695655 641412 452174 616597 345206 639385 180731
190064 378833 19435 648015 336083 306926 823293 999799 299795 201520
