10 1000
946559 278605 935427 178097 542310 767299 438431 583203 675772 708673
249652 171656 951025 921171 262544 939230 304991 108852 862484 87498
887824 473254 945175 222165 1035865 150537 662082 52441 564043 195577
372404 471379 908476 486938 1019123 1032999 55095 980224 1021469 744100
176995 689001 80773 557596 784245 244925 77764 928384 858198 894880
344695 777686 1123 73366 758018 1043464 20653 808565 52780 449263
708771 1018741 767351 234586 439478 283591 523773 756560 687498 458548
862756 272812 397508 860704 768784 489488 880806 951058 49491 153959
716937 248518 579045 908260 625468 1005014 39434 161334 536258 194792
687469 840446 637314 76083 923412 968977 749862 107362 840993 431454
