10 1000
166561 786501 39908 666840 539170 461796 951745 312227 946238 405523
1013130 305283 162003 372577 1033111 989779 809393 955608 339780 527824
840807 535192 162149 728694 739045 45538 440634 620711 372157 200925
121740 942146 238381 344079 332560 300358 140709 342884 711116 325170
523832 730231 413543 515161 707142 605775 967252 121476 401278 658589
282147 715362 229571 684544 464075 112464 849906 708110 109312 269754
432650 496120 259393 610274 130779 339963 91501 724329 378505 1037385
213427 657278 857026 54019 285695 70540 1019667 181453 630313 351922
4736 335000 817017 43641 883429 179429 84131 961263 79067 632918
303611 998308 274668 240236 680222 525402 635416 504196 812820 418941
