10 1000
426627 835668 422790 1014016 81851 614101 15896 626230 446382 315105
722125 24973 256289 33464 633189 788116 371070 895524 631530 162001
127826 413261 732514 201019 898002 307258 754765 444800 987545 930716
816424 673032 732349 237150 626349 641737 570002 82519 475683 942108
947012 157627 642403 596465 993918 262302 543778 63098 62949 541650
998876 470589 482595 511264 102169 1714 949137 1048209 479244 14905
220346 1020928 215721 632942 202410 717243 893907 947114 308475 858230
230854 107776 815944 582916 453177 886881 218608 899936 883247 158301
266266 317728 490708 519418 866397 724861 571964 628911 56192 627013
801510 405131 901765 745488 87769 156581 937155 611217 270630 254483
