10 1000
695013 884807 903938 182107 840819 973071 1019553 705189 364003 533663
339861 689377 261424 408277 973005 558006 614829 873514 511590 324297
704040 963403 434494 82457 69928 864593 19976 425050 762257 771143
55421 124112 334141 889525 811352 909719 96597 968903 699228 857753
984804 242798 897773 1012747 803003 187116 1022320 168696 1031833 540335
535929 317034 698132 149251 812813 833910 118819 590199 786881 868375
316440 84900 44454 548688 535874 110026 554826 258347 213194 1022854
752070 901437 796961 529985 33468 441955 378841 412992 1033091 879720
105285 43100 748289 874673 648906 24986 308098 65531 281826 295431
467383 969429 175444 749556 265791 624110 897349 813594 34493 630366
