10 1000
955079 868438 729952 496259 381418 35902 79224 495408 864883 711277
89810 937455 158914 202508 569919 761713 37218 944854 738248 952264
497949 55198 1045817 609620 517151 602249 881535 642429 73141 452358
882393 377242 890541 740580 64741 48664 781922 700916 471219 491703
428952 718754 143593 111011 630915 1041469 595718 245254 611330 684512
220806 594485 948980 1046563 720095 854164 220224 799208 719565 616340
70312 609884 4686 571612 705843 947082 307700 430056 144056 874425
769459 418627 870827 8262 144250 664974 597306 602861 731013 678023
367071 93668 24748 663090 631922 643586 868637 511419 369593 310036
1030826 516090 745277 238984 997880 254481 675742 165903 573583 792624
