10 1000
174633 983104 670249 785374 124576 273968 938801 845052 579166 473122
195218 592270 853749 750019 599847 507710 954151 233066 76865 923974
611368 132002 519491 675179 240149 420335 791616 765078 766061 1035767
406297 375154 524099 710927 657519 184611 463805 5433 344334 611506
315438 932455 843275 723000 991864 287929 1039029 583771 1017174 681687
133474 454372 402828 932554 713334 861596 880992 898436 44770 636681
643420 192326 329761 893207 243105 848196 302648 896095 963163 7511
1007794 435621 334102 799419 289968 288949 558773 609969 859119 444557
405689 816577 264257 146596 957491 267063 805249 759883 416994 239051
658597 630336 282936 660664 797483 308930 867788 661606 181202 963006
