10 1000
434699 1032273 840267 962054 582457 686849 59624 108905 27086 378576
429013 901248 825095 941082 1002965 304121 491496 45206 893423 289863
291613 812919 964932 148006 352034 157751 76087 269745 68681 192182
761277 105528 1011923 788318 431570 1019564 885898 289802 580321 246428
875858 489899 220175 380304 705088 612968 611523 640165 618445 534936
621213 731835 194668 230890 817572 824446 1047811 558363 415214 888970
792556 715454 374729 870043 89552 208644 546950 578204 1032233 184680
1025223 853979 293276 263356 449910 586584 285782 405788 655337 130146
143907 897145 984044 358951 974475 893103 375582 829963 504761 236760
169912 35695 893777 188100 466156 971069 705303 326259 689632 735184
