10 1000
703085 950338 486095 200797 329969 916699 1005649 189946 207747 601262
565389 468460 819990 582775 539773 9947 767803 20120 249187 190047
999015 301681 210200 4356 654808 780636 713586 305259 375873 465261
471272 671200 83283 134069 227879 763378 282445 779930 340894 46105
796914 436862 467841 237674 632965 1015834 950673 761895 402609 546021
944696 578284 983643 397257 102832 11194 22193 948989 853027 60068
761678 275738 413894 831909 681528 553845 887839 348189 537624 21144
481479 91110 271349 325625 46579 247130 183935 902972 738885 981591
506236 639237 201785 1035884 655388 446024 635552 380255 206043 954266
625897 552753 183424 184608 148490 341878 605841 115704 926331 84893
