10 1000
963151 933971 98989 411013 789864 240106 123784 1026159 758803 774748
840138 257250 856804 903598 939663 211484 149492 225380 999629 562014
137554 720548 680223 532041 985327 1042564 515589 727372 983141 670252
695884 923818 641731 316900 1042330 457341 972922 1023913 567409 664119
370062 1042866 565637 878018 805053 179915 528359 691417 52778 662442
334279 333491 778171 766185 461410 105048 187090 739938 786223 314663
940542 798946 454446 808489 560713 503093 84641 11998 607850 171687
498866 704920 344959 836094 132149 1007287 922780 178321 1024579 642744
244710 525501 532372 559343 672420 1015248 16447 196383 183168 964233
71668 96798 737001 662364 619469 1003657 966730 991725 418889 314867
