10 1000
183217 655439 383102 623316 754470 82028 1026050 445742 383420 121082
710520 1037796 367496 720663 545944 521767 669967 278083 385342 7405
566634 614446 907370 856308 629798 267244 807715 356680 293222 910298
913060 127916 143772 196086 801423 496877 545329 224847 339525 548985
999894 82360 868536 21758 1027353 39593 728425 725385 957456 575883
348454 80418 627860 419465 534365 771448 340905 610044 758482 866323
271025 17323 76510 576319 855165 632500 851480 73255 705478 780608
964002 828009 8788 767381 862385 72141 52446 192315 823386 931940
209288 585016 46965 815725 214558 528344 12709 463701 689667 232206
78608 846481 996033 944232 224222 1367 359447 766917 30646 614644
