10 1000
443283 704606 208924 841484 165567 988509 70619 753851 878124 206344
960063 728298 264826 1037006 933482 322272 248256 458943 617616 682476
361055 460027 298093 335801 1009937 4660 93780 704623 968002 49307
16384 382694 704012 271271 42802 707426 181510 464764 570794 194135
445610 524916 180924 954710 675105 894072 889631 671095 554635 689860
926425 851581 870772 776617 965775 685210 507850 818787 879070 597904
123905 542291 103734 535731 1041420 424180 14502 286948 766388 599423
946647 458775 82654 230290 1022327 885280 792125 888982 554076 593035
471826 600192 769240 734446 197798 113728 639802 8469 747864 242205
632845 393150 442536 434708 547865 680616 164556 348624 536964 845466
