10 1000
711669 753741 559256 92503 1011063 561799 959330 576552 926817 1035382
36199 129414 269931 617123 610242 28610 983315 523953 458780 844788
970533 1047037 589873 478363 248811 627551 697361 685493 685386 341824
847189 948030 297868 667468 346311 974908 724673 564716 351445 98514
506122 643489 441650 588972 600036 753162 673357 547317 474615 719801
602748 984618 45891 938890 218267 445278 529528 688517 407571 288190
421027 432631 160313 646029 319460 861317 388159 647781 804229 763535
429527 746538 71863 225495 651762 439330 689172 419510 708080 395966
178253 875004 502541 98469 514609 709287 379524 607809 1048122 958815
176988 859104 634745 437744 853247 99555 98122 26715 824863 432855
