10 1000
971735 737372 942330 277647 420078 444342 6331 360893 433137 864900
326688 340104 364441 804730 992560 226053 455132 311373 757170 431861
256016 105768 21558 1000406 343772 889479 498022 378002 51566 529409
82929 676468 787484 848157 644474 245683 104950 845023 575290 726780
930934 37485 606006 407812 837596 409819 837691 619787 120684 570614
147843 180853 290467 257194 380745 490172 694299 1028378 49951 16957
240147 957455 183761 605185 407445 195269 600705 826534 866295 617136
412066 50772 30781 739024 737332 667599 417527 596251 928246 81489
441047 826436 827552 443942 497801 221503 800795 947201 921953 956492
665665 265935 23824 944012 406328 779036 426385 952910 315437 203961
