10 1000
191289 589898 1014195 546258 155556 157112 1015538 977521 229340 53451
481376 161001 714158 270773 962600 1004362 585625 599281 123451 395387
861477 215316 543820 803817 94422 183265 458329 501113 681142 81648
656945 666268 421362 877814 205296 118920 877609 409618 702087 377593
815040 286632 512468 819359 673063 901215 656776 140118 460344 566209
202343 868004 799195 142915 381408 481204 308539 931190 694064 37536
748007 343317 513982 796106 1001223 30731 591181 507665 112404 270430
169123 178 534656 480301 860158 287476 509304 615751 529820 896603
332721 99425 575565 976048 41160 958474 864391 139761 912954 624275
1023566 675701 1004309 513724 336363 833487 127939 399911 971632 111927
