10 1000
451355 639067 627153 851978 743997 798857 116011 239588 770124 142905
207143 441831 750684 68716 580314 806797 73558 662029 880533 818554
528 863681 71755 281764 493025 444985 770862 529502 55442 794033
501909 921558 975458 768679 1031245 823047 520990 145697 470376 1004759
385724 859236 545744 148791 1025311 65166 822270 200616 126115 715918
550296 64251 584763 1020259 215602 452182 407896 722409 814140 308515
962391 866541 485462 836166 896886 1025611 377843 180690 50534 453729
151766 762572 608266 1008170 1027640 588057 728987 400106 848282 694964
69931 16857 246752 631347 57968 463762 311832 332721 786785 638848
460115 219738 434556 990400 923180 446512 396568 587826 431426 275289
