10 1000
719741 557128 141653 48721 438773 767827 947602 60279 557569 967751
852607 809099 745549 504833 1026930 576175 907141 713731 197401 718690
741226 381127 824343 401286 730907 1002322 2411 565636 288922 649834
722368 372238 55266 374348 676792 566361 932057 897969 705559 795218
300828 839601 797790 272589 839642 402684 745132 92970 960479 692723
1013053 197292 333324 662336 959014 678290 627434 915983 474609 642829
600053 255817 298841 865656 431262 326202 5994 1000275 471383 290705
699606 509681 594531 1020271 640701 249627 888242 912586 935990 367745
301684 274597 1037365 202360 277735 818549 576422 816357 562691 306370
794114 769540 642733 987940 741066 865915 389278 901561 144089 937748
