10 1000
979807 540761 311607 387977 1029228 385634 52811 894690 15761 801461
619320 561541 717247 170456 639360 775784 272202 645887 1019575 33379
419935 766994 376848 921803 905772 739978 865308 463011 971966 313643
437092 101188 546930 223261 445957 392150 307182 641666 483320 439420
858720 363645 241242 716133 602082 727597 905434 18388 544068 581308
263874 968435 117740 500832 539124 780400 728713 576144 116477 911502
844101 778929 274609 905972 294127 730234 840148 671120 410405 435118
682147 812175 553705 501608 751483 1004790 87889 168807 699440 174190
39150 390429 319384 282875 294495 380653 80185 738981 620888 300497
296223 174891 15556 514392 30989 479620 134725 205740 685291 772474
