10 1000
199873 524409 987832 247952 11324 389799 296607 606931 393994 587653
920924 689896 520726 195310 220651 686869 586079 223217 307987 946790
398896 559748 294706 22715 183793 879083 946710 715207 504855 1040211
959957 460621 128044 38696 511097 275438 399269 704836 601678 690089
388716 286291 443847 738342 478225 595188 801381 458441 309058 789692
941657 19907 502070 573088 708079 349378 300359 539697 609584 571073
372209 972548 276320 647493 711497 1012418 733499 242778 254332 960576
678391 97460 766931 243462 552512 489220 641846 731478 1047949 586209
538153 215289 936531 745304 526585 271620 339763 580756 618231 584516
92526 452919 758641 553523 947057 87512 881071 926041 938847 577035
