10 1000
460003 573544 654042 433480 600485 763798 671046 266054 965786 657783
687131 937958 418788 513847 341785 616402 65936 22797 540349 264039
733445 454225 863029 546806 276678 616499 216929 350432 854067 195602
199537 205319 621500 412025 741828 617569 819346 964727 308641 4487
811792 859551 608195 360846 175145 272933 701459 512567 155097 934899
339366 887196 226518 328064 808509 320800 399652 855214 1029692 823618
27457 447228 297096 591561 537400 44162 522117 445081 168718 812159
695682 712394 709465 753921 712582 781545 332245 284411 727435 1033486
799923 167233 344574 793051 543297 890524 843180 1044180 557484 578135
651891 1047576 155928 47183 345270 733735 692084 49996 398701 870501
