10 1000
728197 622715 148062 729875 311917 794700 364031 476117 917207 451337
284483 305802 423925 94042 149169 910064 903491 42755 414257 167295
31871 922455 42857 656596 563772 59736 558372 388410 636987 461769
1025572 558047 478780 542098 966193 870207 346965 78567 613598 222978
857776 839242 866381 257140 116460 192599 876865 374453 857765 933518
146691 946635 954081 35747 114217 547556 635542 783176 321521 125804
517091 527704 487303 586231 198864 782579 140060 739352 354111 976783
156034 441079 690480 750148 833283 56043 230396 1024219 630823 49979
638956 457789 611883 437648 824534 456827 54290 428416 792270 377109
190754 464966 855753 47019 7248 54380 619250 391879 176886 472104
