10 1000
988327 606314 305724 947915 903156 161149 734758 659008 344391 269819
9732 25476 517639 279171 273475 982583 276876 236031 712607 587902
875338 30594 652142 134041 945931 321664 374867 678941 197663 665736
133248 829077 1032620 957379 140172 6320 1039458 347092 313137 651564
302028 363910 178761 862684 272084 1035910 782135 301643 785470 815553
610044 243092 676609 865411 468475 649990 737013 967639 138493 380143
140627 2208 512111 530043 123041 274099 976290 931547 267597 797616
173559 858249 780730 214083 919237 803078 1005855 57206 869409 522196
900470 473477 155014 125715 841326 1002467 599693 113600 915861 391174
684607 920937 326816 556503 732055 701331 953385 727250 718020 176710
