10 1000
207945 721020 373621 139158 651454 448371 282735 91532 42346 655284
229956 468965 560176 795724 375131 188024 665545 949571 45078 550640
235135 172990 125716 68518 663809 766438 319340 540150 633287 197241
609600 843389 370754 986664 579334 161675 205245 1044249 439948 468265
442490 81987 808107 495687 173103 282114 860804 1035286 863594 812790
530712 805189 134265 849514 473938 640526 332757 1001403 542930 334962
714407 764346 182784 855984 561203 437373 969326 333164 562606 90462
424182 908911 243975 1005246 547087 134205 967312 41770 751691 747486
922640 663968 406891 641413 781871 166614 536081 912944 919246 190169
1033264 19667 783013 117991 538948 911168 654971 231611 63385 7112
